0.0000000e+00    1.5087647e+11
1.0000000e+03    1.4971287e+11
2.0000000e+03    1.4855387e+11
3.0000000e+03    1.4739949e+11
4.0000000e+03    1.4624971e+11
5.0000000e+03    1.4510452e+11
6.0000000e+03    1.4396393e+11
7.0000000e+03    1.4282793e+11
8.0000000e+03    1.4169651e+11
9.0000000e+03    1.4056967e+11
1.0000000e+04    1.3944739e+11
1.1000000e+04    1.3832967e+11
1.2000000e+04    1.3721650e+11
1.3000000e+04    1.3610788e+11
1.4000000e+04    1.3500379e+11
1.5000000e+04    1.3390424e+11
1.6000000e+04    1.3280920e+11
1.7000000e+04    1.3171868e+11
1.8000000e+04    1.3063267e+11
1.9000000e+04    1.2955116e+11
2.0000000e+04    1.2847415e+11
2.1000000e+04    1.2740163e+11
2.2000000e+04    1.2633359e+11
2.3000000e+04    1.2527004e+11
2.4000000e+04    1.2421096e+11
2.5000000e+04    1.2315637e+11
2.6000000e+04    1.2210626e+11
2.7000000e+04    1.2106063e+11
2.8000000e+04    1.2001949e+11
2.9000000e+04    1.1898283e+11
3.0000000e+04    1.1795068e+11
3.1000000e+04    1.1692303e+11
3.2000000e+04    1.1589989e+11
3.3000000e+04    1.1488129e+11
3.4000000e+04    1.1386724e+11
3.5000000e+04    1.1285775e+11
3.6000000e+04    1.1185286e+11
3.7000000e+04    1.1085257e+11
3.8000000e+04    1.0985693e+11
3.9000000e+04    1.0886597e+11
4.0000000e+04    1.0787971e+11
4.1000000e+04    1.0689821e+11
4.2000000e+04    1.0592150e+11
4.3000000e+04    1.0494964e+11
4.4000000e+04    1.0398268e+11
4.5000000e+04    1.0302067e+11
4.6000000e+04    1.0206369e+11
4.7000000e+04    1.0111179e+11
4.8000000e+04    1.0016507e+11
4.9000000e+04    9.9223591e+10
5.0000000e+04    9.8287453e+10
5.1000000e+04    9.7356749e+10
5.2000000e+04    9.6431581e+10
5.3000000e+04    9.5512061e+10
5.4000000e+04    9.4598307e+10
5.5000000e+04    9.3690446e+10
5.6000000e+04    9.2788613e+10
5.7000000e+04    9.1892953e+10
5.8000000e+04    9.1003620e+10
5.9000000e+04    9.0120778e+10
6.0000000e+04    8.9244603e+10
6.1000000e+04    8.8375278e+10
6.2000000e+04    8.7513002e+10
6.3000000e+04    8.6657982e+10
6.4000000e+04    8.5810439e+10
6.5000000e+04    8.4970606e+10
6.6000000e+04    8.4138728e+10
6.7000000e+04    8.3315066e+10
6.8000000e+04    8.2499893e+10
6.9000000e+04    8.1693497e+10
7.0000000e+04    8.0896181e+10
7.1000000e+04    8.0108263e+10
7.2000000e+04    7.9330077e+10
7.3000000e+04    7.8561973e+10
7.4000000e+04    7.7804318e+10
7.5000000e+04    7.7057494e+10
7.6000000e+04    7.6321902e+10
7.7000000e+04    7.5597959e+10
7.8000000e+04    7.4886102e+10
7.9000000e+04    7.4186783e+10
8.0000000e+04    7.3500473e+10
8.1000000e+04    7.2827660e+10
8.2000000e+04    7.2168852e+10
8.3000000e+04    7.1524572e+10
8.4000000e+04    7.0895363e+10
8.5000000e+04    7.0281782e+10
8.6000000e+04    6.9684404e+10
8.7000000e+04    6.9103821e+10
8.8000000e+04    6.8540638e+10
8.9000000e+04    6.7995476e+10
9.0000000e+04    6.7468967e+10
9.1000000e+04    6.6961756e+10
9.2000000e+04    6.6474499e+10
9.3000000e+04    6.6007859e+10
9.4000000e+04    6.5562509e+10
9.5000000e+04    6.5139122e+10
9.6000000e+04    6.4738379e+10
9.7000000e+04    6.4360957e+10
9.8000000e+04    6.4007535e+10
9.9000000e+04    6.3678784e+10
1.0000000e+05    6.3375368e+10
1.0100000e+05    6.3097942e+10
1.0200000e+05    6.2847147e+10
1.0300000e+05    6.2623604e+10
1.0400000e+05    6.2427919e+10
1.0500000e+05    6.2260672e+10
1.0600000e+05    6.2122418e+10
1.0700000e+05    6.2013682e+10
1.0800000e+05    6.1934957e+10
1.0900000e+05    6.1886701e+10
1.1000000e+05    6.1869335e+10
1.1100000e+05    6.1883239e+10
1.1200000e+05    6.1928751e+10
1.1300000e+05    6.2006166e+10
1.1400000e+05    6.2115733e+10
1.1500000e+05    6.2257653e+10
1.1600000e+05    6.2432082e+10
1.1700000e+05    6.2639125e+10
1.1800000e+05    6.2878841e+10
1.1900000e+05    6.3151240e+10
1.2000000e+05    6.3456286e+10
1.2100000e+05    6.3793897e+10
1.2200000e+05    6.4163944e+10
1.2300000e+05    6.4566258e+10
1.2400000e+05    6.5000624e+10
1.2500000e+05    6.5466793e+10
1.2600000e+05    6.5964474e+10
1.2700000e+05    6.6493346e+10
1.2800000e+05    6.7053053e+10
1.2900000e+05    6.7643209e+10
1.3000000e+05    6.8263405e+10
1.3100000e+05    6.8913204e+10
1.3200000e+05    6.9592150e+10
1.3300000e+05    7.0299767e+10
1.3400000e+05    7.1035566e+10
1.3500000e+05    7.1799041e+10
1.3600000e+05    7.2589676e+10
1.3700000e+05    7.3406947e+10
1.3800000e+05    7.4250322e+10
1.3900000e+05    7.5119265e+10
1.4000000e+05    7.6013238e+10
1.4100000e+05    7.6931700e+10
1.4200000e+05    7.7874111e+10
1.4300000e+05    7.8839934e+10
1.4400000e+05    7.9828634e+10
1.4500000e+05    8.0839681e+10
1.4600000e+05    8.1872548e+10
1.4700000e+05    8.2926716e+10
1.4800000e+05    8.4001673e+10
1.4900000e+05    8.5096914e+10
1.5000000e+05    8.6211941e+10
1.5100000e+05    8.7346265e+10
1.5200000e+05    8.8499407e+10
1.5300000e+05    8.9670894e+10
1.5400000e+05    9.0860266e+10
1.5500000e+05    9.2067070e+10
1.5600000e+05    9.3290862e+10
1.5700000e+05    9.4531209e+10
1.5800000e+05    9.5787685e+10
1.5900000e+05    9.7059877e+10
1.6000000e+05    9.8347377e+10
1.6100000e+05    9.9649790e+10
1.6200000e+05    1.0096673e+11
1.6300000e+05    1.0229781e+11
1.6400000e+05    1.0364266e+11
1.6500000e+05    1.0500093e+11
1.6600000e+05    1.0637226e+11
1.6700000e+05    1.0775629e+11
1.6800000e+05    1.0915270e+11
1.6900000e+05    1.1056116e+11
1.7000000e+05    1.1198132e+11
1.7100000e+05    1.1341289e+11
1.7200000e+05    1.1485555e+11
1.7300000e+05    1.1630900e+11
1.7400000e+05    1.1777293e+11
1.7500000e+05    1.1924706e+11
1.7600000e+05    1.2073110e+11
1.7700000e+05    1.2222477e+11
1.7800000e+05    1.2372780e+11
1.7900000e+05    1.2523991e+11
1.8000000e+05    1.2676083e+11
1.8100000e+05    1.2829032e+11
1.8200000e+05    1.2982811e+11
1.8300000e+05    1.3137396e+11
1.8400000e+05    1.3292761e+11
1.8500000e+05    1.3448881e+11
1.8600000e+05    1.3605735e+11
1.8700000e+05    1.3763296e+11
1.8800000e+05    1.3921543e+11
1.8900000e+05    1.4080452e+11
1.9000000e+05    1.4240002e+11
1.9100000e+05    1.4400168e+11
1.9200000e+05    1.4560931e+11
1.9300000e+05    1.4722267e+11
1.9400000e+05    1.4884156e+11
1.9500000e+05    1.5046576e+11
1.9600000e+05    1.5209507e+11
1.9700000e+05    1.5372927e+11
1.9800000e+05    1.5536817e+11
1.9900000e+05    1.5701157e+11
2.0000000e+05    1.5865926e+11
2.0100000e+05    1.6031104e+11
2.0200000e+05    1.6196672e+11
2.0300000e+05    1.6362612e+11
2.0400000e+05    1.6528902e+11
2.0500000e+05    1.6695526e+11
2.0600000e+05    1.6862463e+11
2.0700000e+05    1.7029696e+11
2.0800000e+05    1.7197206e+11
2.0900000e+05    1.7364974e+11
2.1000000e+05    1.7532983e+11
2.1100000e+05    1.7701214e+11
2.1200000e+05    1.7869650e+11
2.1300000e+05    1.8038273e+11
2.1400000e+05    1.8207066e+11
2.1500000e+05    1.8376011e+11
2.1600000e+05    1.8545091e+11
2.1700000e+05    1.8714289e+11
2.1800000e+05    1.8883588e+11
2.1900000e+05    1.9052972e+11
2.2000000e+05    1.9222423e+11
2.2100000e+05    1.9391926e+11
2.2200000e+05    1.9561463e+11
2.2300000e+05    1.9731018e+11
2.2400000e+05    1.9900576e+11
2.2500000e+05    2.0070120e+11
2.2600000e+05    2.0239634e+11
2.2700000e+05    2.0409103e+11
2.2800000e+05    2.0578510e+11
2.2900000e+05    2.0747841e+11
2.3000000e+05    2.0917080e+11
2.3100000e+05    2.1086212e+11
2.3200000e+05    2.1255220e+11
2.3300000e+05    2.1424091e+11
2.3400000e+05    2.1592810e+11
2.3500000e+05    2.1761361e+11
2.3600000e+05    2.1929730e+11
2.3700000e+05    2.2097901e+11
2.3800000e+05    2.2265862e+11
2.3900000e+05    2.2433597e+11
2.4000000e+05    2.2601091e+11
2.4100000e+05    2.2768332e+11
2.4200000e+05    2.2935304e+11
2.4300000e+05    2.3101995e+11
2.4400000e+05    2.3268389e+11
2.4500000e+05    2.3434473e+11
2.4600000e+05    2.3600234e+11
2.4700000e+05    2.3765659e+11
2.4800000e+05    2.3930733e+11
2.4900000e+05    2.4095444e+11
2.5000000e+05    2.4259778e+11
2.5100000e+05    2.4423723e+11
2.5200000e+05    2.4587265e+11
2.5300000e+05    2.4750391e+11
2.5400000e+05    2.4913090e+11
2.5500000e+05    2.5075348e+11
2.5600000e+05    2.5237152e+11
2.5700000e+05    2.5398491e+11
2.5800000e+05    2.5559353e+11
2.5900000e+05    2.5719724e+11
2.6000000e+05    2.5879593e+11
2.6100000e+05    2.6038949e+11
2.6200000e+05    2.6197778e+11
2.6300000e+05    2.6356070e+11
2.6400000e+05    2.6513813e+11
2.6500000e+05    2.6670996e+11
2.6600000e+05    2.6827606e+11
2.6700000e+05    2.6983633e+11
2.6800000e+05    2.7139066e+11
2.6900000e+05    2.7293893e+11
2.7000000e+05    2.7448103e+11
2.7100000e+05    2.7601687e+11
2.7200000e+05    2.7754632e+11
2.7300000e+05    2.7906929e+11
2.7400000e+05    2.8058566e+11
2.7500000e+05    2.8209533e+11
2.7600000e+05    2.8359821e+11
2.7700000e+05    2.8509419e+11
2.7800000e+05    2.8658316e+11
2.7900000e+05    2.8806503e+11
2.8000000e+05    2.8953969e+11
2.8100000e+05    2.9100706e+11
2.8200000e+05    2.9246703e+11
2.8300000e+05    2.9391950e+11
2.8400000e+05    2.9536439e+11
2.8500000e+05    2.9680159e+11
2.8600000e+05    2.9823103e+11
2.8700000e+05    2.9965259e+11
2.8800000e+05    3.0106620e+11
2.8900000e+05    3.0247176e+11
2.9000000e+05    3.0386918e+11
2.9100000e+05    3.0525838e+11
2.9200000e+05    3.0663927e+11
2.9300000e+05    3.0801176e+11
2.9400000e+05    3.0937577e+11
2.9500000e+05    3.1073121e+11
2.9600000e+05    3.1207800e+11
2.9700000e+05    3.1341606e+11
2.9800000e+05    3.1474531e+11
2.9900000e+05    3.1606567e+11
3.0000000e+05    3.1737706e+11
3.0100000e+05    3.1867939e+11
3.0200000e+05    3.1997260e+11
3.0300000e+05    3.2125660e+11
3.0400000e+05    3.2253132e+11
3.0500000e+05    3.2379669e+11
3.0600000e+05    3.2505263e+11
3.0700000e+05    3.2629907e+11
3.0800000e+05    3.2753593e+11
3.0900000e+05    3.2876315e+11
3.1000000e+05    3.2998066e+11
3.1100000e+05    3.3118838e+11
3.1200000e+05    3.3238625e+11
3.1300000e+05    3.3357420e+11
3.1400000e+05    3.3475216e+11
3.1500000e+05    3.3592007e+11
